14 -1 0 0 0 0 0 0 0 0 
15 -1 0 0 0 0 0 0 0 0 
16 0 0 -1 0 0 0 0 0 0 
18 -1 0 -1 0 0 0 0 0 0 
20 0 0 0 0 0 0 0 0 0 
20 -1 -1 0 0 0 0 0 0 0 
22 0 -1 0 0 0 0 0 0 0 
22 -1 0 0 0 0 0 0 0 -1 
23 0 -1 0 0 0 0 0 0 0 
25 0 -1 0 0 0 0 0 0 0 
25 -1 -1 0 0 0 0 0 0 0 
27 0 -1 0 0 0 0 0 0 0 
28 -1 -1 0 0 0 0 0 0 0 
29 0 -1 0 0 0 0 0 0 0 
29 0 -1 0 0 0 0 0 0 0 
30 0 -1 0 0 0 0 0 0 0 
29 0 -1 0 0 0 0 0 0 -1 
29 0 0 0 0 0 0 0 0 -1 
27 0 -1 0 0 0 0 0 0 -1 
27 0 0 0 0 0 0 0 0 -1 
26 1 0 0 0 0 0 0 0 -1 
24 1 0 0 0 0 0 0 0 0 
22 1 1 0 0 0 0 0 0 0 
20 0 0 0 0 0 0 0 0 0 
20 1 0 0 0 0 0 0 0 0 
19 0 0 0 0 0 0 0 0 0 
19 1 1 0 0 0 0 0 0 0 
16 1 0 0 0 0 0 0 0 0 
15 1 1 0 0 0 0 0 0 0 
14 1 0 0 0 0 0 0 0 0 
12 0 1 0 0 0 0 0 0 0 
12 0 1 0 0 0 0 0 0 0 
14 -1 0 0 0 0 0 0 0 0 
16 0 0 0 0 0 0 0 0 0 
17 0 -1 1 0 0 0 0 0 0 
18 -1 0 0 0 0 0 0 0 0 
20 0 0 1 0 -1 0 0 0 0 
20 0 0 1 0 0 0 0 0 0 
22 0 -1 0 0 0 0 0 0 0 
22 -1 0 1 0 0 0 0 0 0 
23 0 0 1 -1 0 0 0 0 0 
24 0 0 0 0 0 0 0 0 0 
25 0 0 0 0 0 0 0 0 0 
26 0 -1 0 0 0 0 0 0 0 
27 -1 0 0 0 0 0 0 0 0 
28 0 0 0 0 0 0 0 0 0 
28 -1 0 0 0 0 0 0 0 0 
29 0 1 0 0 0 0 0 0 0 
28 0 0 0 0 0 0 0 0 1 
28 1 0 -1 0 0 0 0 0 1 
27 0 0 -1 0 0 0 0 0 1 
27 0 0 -1 0 0 0 0 0 1 
25 1 0 -1 0 0 0 0 0 0 
24 0 0 -1 0 0 0 0 0 0 
22 1 0 -1 0 0 0 0 0 0 
20 0 0 -1 0 0 0 0 0 0 
20 1 0 0 0 0 0 0 0 0 
19 0 0 -1 0 0 0 0 0 0 
19 1 0 -1 0 0 0 0 0 0 
17 1 -1 0 0 0 0 0 0 0 
16 1 0 0 0 0 0 0 0 0 
14 0 -1 0 0 0 0 0 0 0 
13 0 0 0 0 0 0 0 0 0 
12 0 0 0 0 0 0 0 0 0 
14 -1 0 0 0 0 0 0 0 1 
15 -1 0 0 0 0 0 0 0 0 
17 0 0 0 0 0 0 0 0 0 
17 -1 0 0 0 1 0 0 0 1 
20 0 0 0 0 0 0 0 0 1 
20 -1 0 0 0 0 0 0 0 0 
22 -1 0 -1 0 0 0 0 0 0 
23 0 0 -1 0 0 0 0 0 0 
24 -1 0 -1 0 0 0 0 0 0 
25 0 1 -1 0 0 0 0 0 0 
26 -1 1 0 0 0 0 0 0 0 
27 0 0 0 0 0 0 0 0 0 
27 0 0 0 0 0 0 0 0 0 
29 0 0 -1 0 0 0 0 0 0 
29 0 0 0 0 0 0 0 0 -1 
29 0 1 0 0 0 0 0 0 -1 
28 0 0 0 0 0 0 0 0 -1 
28 0 -1 0 0 0 0 0 0 0 
27 0 0 0 0 0 0 0 0 -1 
26 0 0 0 0 0 0 0 0 -1 
24 0 0 0 0 0 0 0 0 -1 
23 1 0 0 0 0 0 0 0 0 
22 1 1 0 0 0 0 0 0 0 
20 0 0 0 0 0 0 0 0 -1 
20 0 0 0 0 0 0 0 0 0 
19 0 0 0 0 0 0 0 0 0 
18 1 1 0 0 0 0 0 0 0 
17 1 1 0 0 0 0 0 0 0 
16 0 0 0 0 0 0 0 0 0 
14 0 0 1 0 0 0 0 0 0 
14 0 -1 0 0 0 0 0 0 0 
13 1 -1 0 0 0 0 0 0 0 
14 0 0 -1 0 0 0 0 0 0 
16 -1 -1 0 0 0 0 0 0 0 
17 0 -1 -1 0 0 0 0 0 0 
18 -1 -1 0 0 0 0 0 0 0 
20 -1 0 0 0 0 0 0 0 -1 
21 -1 -1 -1 0 0 0 0 0 0 
22 -1 -1 -1 0 0 0 0 0 -1 
22 0 0 0 0 0 0 0 0 0 
23 -1 0 0 0 0 0 0 0 -1 
24 -1 0 0 0 0 0 0 0 0 
25 -1 0 0 0 0 0 0 0 -1 
26 0 1 0 0 0 0 0 0 0 
27 -1 0 0 0 0 0 0 0 0 
28 -1 1 0 0 0 0 0 0 -1 
29 0 0 0 0 0 0 0 0 0 
30 0 1 0 0 0 0 0 0 0 
29 -1 1 0 0 0 0 0 0 0 
29 0 1 0 0 0 0 0 0 0 
28 1 0 0 0 0 0 0 0 0 
27 1 0 0 0 0 0 0 0 0 
25 1 0 0 0 0 0 0 0 0 
24 1 -1 0 0 0 0 0 0 0 
22 1 -1 1 0 0 0 0 0 0 
21 1 -1 0 0 0 0 0 0 0 
20 0 -1 0 0 0 0 0 0 0 
19 1 0 0 0 0 0 0 0 0 
18 1 0 0 0 1 0 0 0 0 
16 0 0 0 0 0 0 0 0 0 
15 0 0 0 0 0 0 0 0 1 
14 1 0 0 0 0 0 0 0 0 
13 0 0 0 0 0 0 0 0 0 
12 0 0 0 0 0 0 0 0 1 
14 0 0 0 0 0 0 0 0 -1 
16 -1 0 0 0 0 0 0 0 0 
18 -1 0 0 0 0 0 0 0 0 
19 -1 0 0 0 0 0 0 0 -1 
21 -1 0 0 0 0 0 0 0 0 
23 0 0 0 0 0 0 0 0 0 
24 -1 0 0 0 0 0 0 0 0 
24 0 0 1 0 0 0 0 0 0 
25 0 -1 1 0 0 0 0 0 0 
25 0 -1 0 0 0 0 0 0 0 
26 0 0 1 0 0 0 0 0 0 
27 -1 -1 1 0 0 0 0 0 0 
28 0 0 -1 -2 -2 1 2 2 1 
6 10 38 -19 -10 1 0 -1 0 4 
4 -6 42 -21 5 -1 0 0 2 4 
24 -9 8 -7 12 -5 0 5 -9 6 
28 1 -1 1 0 0 0 0 0 0 
27 0 0 0 0 0 0 0 0 1 
27 0 0 0 0 0 0 0 0 0 
26 0 0 0 0 0 0 0 0 0 
25 1 0 0 0 0 0 0 0 0 
24 0 1 0 0 0 0 0 0 0 
22 0 0 0 0 0 0 0 0 0 
21 1 1 0 0 0 0 0 0 0 
20 0 0 0 0 0 0 0 0 0 
19 1 0 0 0 0 0 0 0 0 
18 1 0 0 0 0 0 0 0 0 
16 1 0 -1 0 0 0 0 0 0 
15 0 0 -1 0 0 0 0 0 0 
13 1 0 0 0 0 0 0 0 0 
13 0 0 -1 0 0 0 0 0 0 
12 1 0 -1 0 0 0 0 0 0 
16 -1 -1 1 0 0 0 0 0 0 
17 0 0 1 0 0 0 0 0 0 
18 -1 -1 1 0 0 0 0 0 0 
21 -1 0 1 0 0 0 0 0 0 
22 -1 -1 1 0 0 0 0 0 0 
23 0 0 1 0 0 0 0 0 0 
24 0 0 0 0 0 0 0 0 0 
25 0 -1 0 0 0 0 0 0 0 
26 0 0 1 0 0 0 0 0 0 
26 0 0 1 -1 1 0 0 0 0 
27 -1 0 0 0 0 0 0 0 0 
28 0 0 0 0 0 0 0 0 1 
-10 53 12 -2 -3 -6 -5 -10 -3 5 
-58 1 1 0 1 0 0 0 0 0 
-58 0 -1 0 0 0 0 0 0 0 
-50 -12 13 8 -15 7 -1 5 -9 4 
-2 -20 36 -4 14 10 -4 -6 3 -1 
28 0 0 -1 0 0 0 0 0 0 
27 1 0 -1 0 0 0 0 0 0 
26 0 0 0 0 0 0 0 0 0 
24 1 0 0 0 0 0 0 0 0 
24 0 -1 -1 0 0 0 0 0 0 
22 1 0 0 0 0 0 0 0 0 
21 0 0 -1 0 0 0 0 0 0 
20 1 0 0 0 0 0 0 0 0 
19 1 0 -1 0 0 0 0 0 0 
18 0 0 0 0 0 0 0 0 0 
16 1 0 0 0 0 0 0 0 0 
14 0 0 0 0 0 0 0 0 0 
12 1 1 0 0 0 0 0 0 0 
12 0 0 0 0 0 0 0 0 0 
11 0 0 0 0 0 0 0 0 0 
17 0 -1 0 0 0 0 0 0 0 
19 -1 -1 0 0 0 0 0 0 0 
20 0 -1 0 0 0 0 0 0 0 
21 -1 -1 0 0 0 0 0 0 0 
22 -1 -1 0 0 0 0 0 0 0 
23 0 0 0 0 0 0 0 0 0 
24 -1 0 0 0 0 0 0 0 0 
25 0 0 -1 0 0 0 0 0 0 
26 -1 0 -1 0 0 0 0 0 0 
26 0 0 -1 0 0 0 0 0 0 
26 -1 0 -1 0 0 0 0 0 0 
28 -1 -1 -1 0 1 0 0 0 0 
-41 34 8 -1 9 27 9 4 -3 3 
-59 0 0 0 0 0 0 0 0 0 
-59 0 0 0 0 0 0 0 0 0 
-54 -6 -8 6 8 2 0 -2 -5 -4 
-54 -10 0 3 -1 9 -4 -1 -3 2 
20 -7 11 -6 6 -1 1 -1 -3 3 
26 0 0 0 0 0 0 0 0 0 
25 0 0 0 0 0 0 0 0 -1 
24 1 1 0 0 0 0 0 0 0 
23 0 1 0 0 0 0 0 0 0 
22 1 1 0 0 0 0 0 0 0 
21 0 1 0 0 0 0 0 0 0 
20 0 1 0 0 0 0 0 0 -1 
19 1 1 0 0 0 0 0 0 0 
17 0 0 0 0 0 0 0 0 0 
16 1 0 0 0 0 0 0 0 0 
14 1 0 0 0 0 0 0 0 0 
12 0 0 1 0 0 0 0 0 0 
11 0 0 1 0 0 0 0 0 0 
10 0 1 1 0 0 0 0 0 0 
17 0 0 0 0 0 0 0 0 0 
19 -1 0 0 0 0 0 0 0 0 
21 0 0 -1 0 -1 -1 0 0 0 
21 -1 0 0 0 0 0 0 0 0 
22 -1 0 -1 0 0 0 0 0 0 
23 0 0 -1 0 0 0 0 0 0 
25 -1 0 0 0 0 0 0 0 0 
26 0 0 0 0 0 0 0 0 -1 
27 -1 0 0 0 0 0 0 0 0 
27 0 0 0 0 0 0 0 0 -1 
27 -1 0 0 0 0 0 0 0 -1 
18 21 8 -3 -11 -20 9 6 3 0 
-59 1 0 0 0 1 0 0 0 0 
-30 -21 -9 -6 5 -22 2 0 1 -1 
-33 -16 -23 -5 3 31 1 -12 5 3 
4 12 -1 14 -10 2 -4 -9 -19 -14 
-22 14 -16 0 1 14 2 -3 7 -4 
-27 -6 -9 2 -3 2 0 2 -7 -10 
3 -7 21 7 -4 -12 0 3 6 -16 
17 -12 12 -4 12 -8 -4 5 -3 -1 
23 -2 2 -1 3 -2 -1 2 -2 1 
23 0 0 0 0 0 0 0 0 0 
22 1 0 0 0 0 0 0 0 0 
20 0 -1 0 0 0 0 0 0 0 
19 1 0 0 0 -1 0 0 0 0 
18 1 0 0 0 0 0 0 0 0 
16 0 0 1 0 0 0 0 0 0 
15 1 0 1 0 0 0 0 0 0 
13 0 1 0 0 0 0 0 0 1 
11 1 0 0 0 0 0 0 0 0 
10 0 1 0 0 0 0 0 0 1 
10 1 1 0 0 0 0 0 0 1 
17 -1 0 0 0 0 0 0 0 0 
18 -1 0 0 0 0 0 0 0 0 
20 0 1 0 0 0 0 0 0 -1 
21 -1 0 0 0 0 0 0 0 0 
22 -1 0 0 0 0 0 0 0 0 
23 0 0 0 0 0 0 0 0 0 
25 0 0 0 0 0 0 0 0 0 
26 -1 -1 0 0 0 0 0 0 0 
-11 27 38 5 -9 10 2 -9 -14 -1 
-33 0 37 21 1 1 0 1 0 9 
-34 1 37 22 1 0 0 0 0 10 
-48 13 16 11 14 -1 -1 0 10 8 
-42 -12 -18 1 7 -8 -3 8 2 -1 
-34 -5 3 10 -24 6 4 -1 -1 0 
-3 -17 7 -8 4 -1 -1 4 -2 -1 
13 6 12 -1 -4 2 0 -2 -5 2 
-17 30 9 6 17 10 -9 -5 3 -10 
-9 -19 13 4 -7 9 -10 -10 -1 6 
-18 9 10 9 24 -17 0 -4 0 3 
2 -5 14 14 -9 10 -2 -6 -7 0 
20 -5 1 5 0 -4 -3 0 8 4 
22 0 0 0 0 0 0 0 0 0 
21 1 0 0 0 0 0 0 0 0 
20 0 0 0 0 0 0 0 0 0 
19 1 0 0 0 0 0 0 0 1 
18 0 0 0 0 0 0 0 0 0 
16 1 0 0 0 0 0 0 0 0 
14 0 0 0 0 0 0 0 0 0 
13 1 -1 0 0 0 0 0 0 0 
11 1 -1 0 0 0 0 0 0 0 
10 0 0 -1 0 0 0 0 0 0 
9 1 0 0 0 0 0 0 0 0 
18 -1 0 0 0 0 0 0 0 0 
20 -1 0 0 0 0 0 0 0 0 
21 0 -1 0 0 0 0 0 0 0 
22 -1 0 0 0 0 0 0 0 0 
23 -1 0 0 0 0 0 0 0 0 
24 -1 -1 0 0 0 0 0 0 0 
26 -1 -1 0 0 0 0 0 0 0 
-2 33 30 -2 -14 -3 2 -10 -10 2 
-56 1 0 0 1 0 0 1 1 0 
-56 -1 1 0 0 0 0 0 0 0 
-56 0 1 0 0 0 0 0 0 0 
-57 2 0 0 0 -1 0 0 0 0 
-21 -43 14 -7 -3 -12 12 -12 9 -2 
-18 29 -14 1 -1 -5 3 2 -2 5 
-48 -11 13 3 -10 4 0 1 -1 1 
-5 -18 -6 -5 17 2 -4 4 2 -1 
-21 35 0 1 -1 18 4 1 -2 1 
-42 -4 -1 1 2 2 0 0 -2 0 
-26 -4 6 -3 -13 -11 4 -4 3 -6 
4 -1 13 -4 -5 11 2 2 -1 -21 
-9 24 15 9 8 -4 -5 -1 -11 -19 
17 -10 2 2 2 -11 -6 1 3 -2 
21 1 0 -1 0 0 0 0 0 0 
20 0 0 0 0 0 0 0 0 0 
19 1 0 0 0 0 0 0 0 0 
18 0 0 0 0 0 0 0 0 0 
17 1 0 0 0 0 0 0 0 0 
14 1 0 0 0 0 0 0 0 0 
13 0 0 0 0 0 0 0 0 0 
11 0 0 0 0 0 0 0 0 0 
10 0 0 0 0 0 0 0 0 0 
9 0 0 0 0 0 0 0 0 0 
18 -1 0 0 0 0 0 0 0 0 
20 0 0 0 0 0 0 0 0 0 
20 0 0 0 0 0 0 0 0 0 
21 0 0 0 0 0 0 0 0 0 
23 -1 0 0 0 0 0 0 0 0 
24 -1 0 -1 -1 -1 1 1 1 1 
-15 27 38 1 0 1 2 -8 -18 2 
-56 1 2 1 2 2 1 1 1 1 
-57 0 1 0 0 0 0 0 0 0 
-58 0 0 0 0 0 0 0 0 0 
-57 -1 0 0 0 0 0 0 0 0 
-55 1 -3 1 0 -3 -1 2 1 -1 
-43 -27 7 2 -7 18 -7 0 -3 3 
-40 16 13 2 3 6 6 -4 -2 0 
-59 1 -1 0 -1 1 0 0 1 0 
-4 -42 17 -5 5 -21 -1 -8 3 4 
-8 34 -17 6 2 8 0 9 -5 -7 
-30 -4 -11 12 -1 -1 0 -2 -4 -14 
-33 20 1 7 -6 4 -3 2 13 -6 
-13 -43 16 -1 5 3 8 -9 1 -2 
21 0 1 1 0 0 0 0 0 0 
20 0 1 0 0 0 0 0 0 0 
20 0 1 0 0 0 0 0 0 0 
19 0 0 1 0 0 0 0 0 0 
19 0 0 0 0 0 0 0 0 0 
18 1 0 1 0 0 0 0 0 0 
17 1 0 1 0 -1 0 0 0 0 
14 1 0 1 0 0 0 0 0 0 
13 1 1 1 0 0 0 0 0 0 
11 0 0 0 0 0 0 0 0 0 
10 0 0 1 0 0 0 0 0 0 
9 1 0 0 0 0 0 0 0 0 
17 0 1 -1 0 0 0 0 0 0 
18 -1 0 0 0 0 0 0 0 0 
19 0 1 0 0 0 0 0 0 0 
19 -1 0 0 0 0 0 0 0 0 
22 0 1 -1 -2 -2 1 2 2 1 
-26 32 30 2 12 2 2 -9 -11 2 
-56 0 -1 0 0 0 0 0 0 0 
-57 1 -1 0 0 0 0 0 0 0 
-57 1 0 0 0 0 0 0 0 0 
-58 0 0 0 0 0 0 0 0 0 
-58 -1 0 0 0 0 0 0 0 0 
-57 -1 0 1 0 0 0 0 0 0 
-54 -11 4 -1 -7 10 -4 5 1 -3 
-52 6 6 2 6 5 3 4 4 1 
-39 0 -4 -4 -18 -3 -1 3 9 -5 
-29 -19 16 8 15 9 1 -12 4 4 
1 10 -13 22 12 12 3 3 -1 3 
36 -5 -28 -18 0 1 0 -2 0 -11 
-11 46 1 -9 0 2 -9 0 -9 4 
-7 -42 -6 0 -2 -11 7 6 0 2 
20 0 0 1 0 0 0 0 0 0 
19 0 0 1 0 0 0 0 0 0 
19 0 0 0 0 0 0 0 0 0 
19 0 0 0 0 0 0 0 0 0 
19 0 0 0 0 0 0 0 0 0 
18 0 0 0 0 0 0 0 0 0 
17 1 0 0 0 0 0 0 0 0 
14 0 0 0 0 0 0 0 0 0 
13 1 0 0 0 0 0 0 0 0 
11 0 0 0 0 0 0 0 0 0 
10 1 0 0 0 0 0 0 0 0 
9 0 0 0 0 0 0 0 0 0 
16 -1 0 0 0 0 0 0 0 0 
18 0 0 0 0 0 0 0 0 0 
18 0 0 0 0 0 0 0 0 0 
19 -1 0 0 0 0 0 0 0 0 
-20 40 22 2 2 4 1 -15 -7 2 
-57 0 1 0 -1 0 0 0 -1 0 
-57 0 1 1 0 0 0 0 0 0 
-58 0 1 0 0 0 0 0 0 0 
-58 0 0 0 0 0 0 0 0 0 
-58 0 0 0 0 0 0 0 0 0 
-58 0 0 0 0 0 0 0 0 0 
-58 1 0 0 0 0 0 0 0 0 
-58 0 0 0 0 0 0 0 0 0 
-40 -8 -1 -3 -19 -4 -2 8 6 -3 
-56 4 3 2 4 4 2 4 3 2 
-55 -7 6 2 -7 8 -4 6 -4 1 
5 -3 38 -16 -2 2 -1 3 -6 5 
18 2 41 -16 3 -23 3 3 2 16 
-39 10 4 5 26 16 -5 -5 -8 -5 
12 -15 -13 -4 -16 -12 -3 -8 -5 0 
19 1 0 0 0 0 0 0 0 0 
18 0 1 0 0 0 0 0 0 0 
18 0 1 0 0 -1 0 0 0 0 
17 0 1 0 0 0 0 0 0 0 
17 0 1 0 0 0 0 0 0 0 
17 1 1 0 0 0 0 0 0 0 
16 0 1 0 0 0 0 0 0 0 
14 1 0 0 0 0 0 0 0 0 
13 1 0 0 0 0 0 0 0 0 
11 1 0 0 0 0 0 0 0 0 
9 1 0 0 0 0 0 0 0 0 
8 0 0 0 0 0 0 0 0 0 
16 0 0 0 0 0 0 0 0 0 
17 0 0 0 0 0 0 0 0 0 
18 0 0 0 0 0 0 0 0 0 
19 -1 0 0 0 0 0 0 0 0 
-46 24 -7 4 -8 21 8 -3 5 0 
-58 0 1 0 0 1 0 0 0 0 
-57 0 -1 1 0 0 0 0 0 0 
-57 1 -1 0 0 -1 0 0 0 0 
-58 -1 -1 0 0 0 0 0 0 0 
-58 0 0 0 0 0 0 0 0 0 
-58 0 0 -1 0 0 0 0 0 0 
-58 0 0 0 0 0 0 0 0 0 
-41 -9 -5 -3 -14 -7 -2 13 9 -3 
-55 5 6 4 6 5 2 4 5 2 
-58 0 0 0 0 0 0 0 0 0 
-58 -2 -1 -1 1 2 -1 -1 1 1 
-39 12 -15 4 -2 12 4 1 -16 -5 
-52 7 -12 9 -9 -2 -2 2 6 -7 
-50 -16 12 3 -14 14 -5 9 -2 0 
19 -2 3 -2 4 -3 -2 3 -3 1 
18 0 0 0 0 0 0 0 0 0 
18 1 0 0 0 0 0 0 0 0 
17 0 0 0 0 0 0 0 0 0 
16 0 0 0 0 0 0 0 0 0 
14 1 5 -4 -1 2 -2 -1 2 3 
20 6 -2 -3 -3 3 -1 0 -4 3 
15 0 0 0 0 0 0 0 0 0 
14 0 0 0 0 0 0 0 0 0 
13 1 0 0 0 0 0 0 0 0 
11 0 0 0 0 0 0 0 0 0 
10 0 -1 0 0 0 0 0 0 0 
8 1 0 0 0 0 0 0 0 0 
17 -1 0 0 0 0 0 0 0 0 
18 0 0 0 0 0 0 0 0 1 
18 0 0 -1 0 0 0 0 0 0 
18 -1 0 0 0 0 0 0 0 0 
4 24 -21 -5 20 -8 0 -1 1 0 
-55 8 -8 5 -10 7 2 -6 6 -3 
-59 0 0 0 0 0 0 0 0 0 
-58 0 1 0 0 0 0 0 0 0 
-56 -1 0 -1 0 -1 0 1 0 1 
-56 0 0 0 1 0 0 0 0 0 
-55 -3 -5 1 4 1 1 0 -1 1 
-51 4 4 3 -4 -5 0 -6 0 -2 
-56 3 4 2 4 1 -1 1 4 2 
-58 0 0 0 0 0 0 0 0 0 
-58 1 0 0 0 -1 0 0 0 0 
-59 -2 1 0 -1 2 -1 1 0 -1 
-38 9 16 7 -4 2 -12 -8 10 -6 
-33 16 21 3 19 -13 2 -2 0 -4 
-41 -24 -22 4 18 10 1 -3 1 1 
17 -3 -3 -2 -5 -5 -2 -4 -3 -1 
18 1 0 0 0 0 0 0 0 0 
17 0 0 0 0 0 0 0 0 0 
16 0 0 0 0 0 0 0 0 0 
15 2 1 1 -1 -2 1 1 0 0 
18 1 -17 -9 2 -1 1 0 2 -4 
19 4 -4 -2 -4 0 -2 -1 -2 -1 
16 0 0 0 0 0 0 0 0 0 
15 1 0 0 0 0 0 0 0 0 
13 0 0 0 0 0 0 0 0 0 
11 0 0 0 0 0 0 0 0 0 
10 0 0 0 0 0 0 0 0 0 
8 1 0 0 0 0 0 0 0 0 
17 -1 0 0 0 0 0 0 0 0 
17 0 0 0 0 0 0 0 0 0 
18 0 0 0 0 0 0 0 0 0 
18 0 0 0 0 0 0 0 0 0 
19 -1 1 0 0 0 0 0 0 0 
0 34 -11 -9 6 -20 6 7 7 -3 
-59 0 0 0 0 0 0 0 0 0 
-59 0 0 0 0 0 0 0 0 0 
-59 -1 0 0 0 0 0 0 -1 0 
-58 0 0 1 0 0 0 0 0 0 
-50 -7 2 -1 -2 -1 1 1 1 0 
-43 3 5 -1 0 -5 0 -1 -1 -3 
-56 3 0 1 0 2 1 0 1 -1 
-57 0 0 0 -1 0 0 0 0 0 
-59 2 1 0 0 0 0 0 0 0 
-56 -7 -4 1 6 7 -4 -5 -2 0 
-19 -29 -15 -8 29 26 8 5 9 -2 
-44 0 -15 4 7 19 4 -11 -12 -3 
-31 -32 9 3 -10 23 -2 -3 6 0 
20 1 -1 0 0 0 0 0 0 0 
18 1 0 0 0 0 0 0 0 0 
18 0 0 0 0 0 0 0 0 0 
17 1 0 0 0 0 0 0 0 0 
14 4 0 0 0 -3 2 0 0 0 
28 -1 0 0 0 -2 -1 0 0 0 
22 9 0 0 0 1 -2 0 0 0 
16 0 0 0 0 -1 0 0 0 0 
15 1 0 0 0 0 0 0 0 0 
13 1 0 0 0 0 0 0 0 0 
11 1 0 0 0 0 0 0 0 0 
10 0 -1 0 0 0 0 0 0 0 
9 0 0 0 0 0 0 0 0 0 
17 0 0 0 0 0 0 0 0 0 
17 0 0 0 0 0 0 0 0 0 
18 0 0 0 0 0 0 0 0 0 
18 0 0 0 0 0 0 0 0 0 
19 -1 0 0 0 0 0 0 0 0 
-5 45 5 1 -4 -25 0 -3 -1 1 
-59 0 0 0 0 0 0 0 0 0 
-59 0 1 0 0 0 0 0 0 0 
-58 0 1 0 0 0 0 0 0 0 
-58 1 1 0 0 0 0 0 -1 0 
-57 -2 2 1 -2 0 -1 0 1 0 
-52 1 3 1 0 -2 0 1 2 -1 
-54 1 -2 1 2 -2 0 2 -1 1 
-57 1 0 0 0 0 0 0 0 0 
-27 13 -38 6 -3 -13 -5 6 -9 0 
-51 -13 -2 0 -2 9 1 2 2 0 
-9 -63 -1 -1 1 11 6 1 0 0 
8 -18 -7 -4 -8 -7 1 1 -2 -2 
-27 38 -10 0 -9 18 -2 9 -2 0 
9 -18 11 0 12 -15 -4 5 2 0 
18 1 0 0 0 0 0 0 1 0 
17 0 1 0 0 0 0 0 0 0 
17 0 0 0 0 0 0 0 0 0 
14 4 0 0 0 -4 2 0 0 0 
26 -1 1 0 -1 -2 -1 0 0 0 
22 8 1 -1 0 0 -2 0 0 0 
15 0 1 0 0 0 0 0 0 0 
18 -3 -5 0 3 -2 1 2 1 1 
18 3 -7 2 -2 -1 0 1 -1 0 
12 1 0 0 0 0 0 0 0 0 
11 1 0 0 0 0 0 0 0 0 
9 1 0 0 0 0 0 0 0 0 
17 0 0 0 0 0 0 0 0 0 
17 0 0 0 0 0 0 0 0 0 
18 0 0 0 0 0 0 0 0 0 
18 0 0 0 0 0 0 0 0 0 
20 -2 -1 0 0 1 0 0 0 0 
-29 43 15 -1 10 14 -1 -9 -4 1 
-58 0 -1 0 0 0 0 0 0 0 
-58 0 -1 0 0 0 0 0 0 0 
-59 0 -1 0 0 0 0 0 0 0 
-57 0 -1 0 0 -1 0 0 0 0 
-57 -1 -1 -1 0 -1 0 0 0 0 
-57 -1 0 1 -2 1 0 0 -1 1 
-57 0 0 0 0 0 0 0 0 0 
-41 -30 -11 0 11 22 -6 -2 1 -1 
20 -1 1 0 0 1 0 1 0 0 
-39 -5 1 2 12 6 12 5 -1 0 
9 -30 -4 -3 -4 34 13 -2 -4 -2 
12 -9 0 0 0 -6 0 0 0 0 
-5 30 0 -4 11 -11 4 -11 -2 -2 
-19 -47 15 -1 -3 8 2 -9 4 0 
32 -2 2 -1 1 -1 0 0 1 -2 
25 6 -6 -1 1 0 0 2 -4 -1 
16 1 3 -5 -1 0 0 0 0 3 
13 3 1 -2 1 -4 2 1 -2 1 
25 -2 1 0 0 -2 -1 0 0 0 
22 9 0 0 0 0 -2 0 0 0 
15 0 0 0 0 0 0 0 0 0 
14 2 1 1 -1 0 0 0 -1 1 
12 -2 1 1 0 3 0 0 1 1 
12 1 0 0 0 0 0 0 0 0 
11 0 0 0 0 0 0 0 0 0 
10 1 0 0 0 0 0 0 0 0 
-2 0 10 4 1 0 0 -1 0 2 
0 -4 11 3 -1 2 -1 -1 0 1 
15 -5 2 0 3 -3 -1 2 0 0 
19 0 0 0 0 0 0 0 0 0 
9 21 13 -1 -16 -17 5 8 0 1 
-58 1 1 1 1 1 1 1 1 0 
-58 -1 1 0 0 0 0 0 0 0 
-57 0 0 0 0 0 0 0 0 0 
-57 0 -1 0 0 0 0 0 0 0 
-57 0 -1 0 0 -1 0 1 0 0 
-56 0 0 0 0 -1 0 0 0 0 
-57 0 0 0 0 0 0 0 0 0 
-57 0 0 0 0 0 0 0 0 0 
-12 -45 -12 1 -5 -11 3 10 3 -2 
12 22 5 -3 -8 -23 11 5 0 0 
-28 -32 -8 0 4 7 -14 -3 0 -3 
12 -26 -1 1 -1 34 14 0 1 -1 
10 -8 2 0 0 -2 -1 -2 0 -1 
-8 -9 -3 2 3 7 4 4 2 5 
-36 15 -6 3 -17 24 0 1 -6 0 
17 -5 7 -1 7 -8 -6 6 -8 -3 
27 -4 3 0 -1 -1 0 1 2 -1 
27 4 1 -4 5 -2 1 0 0 0 
13 3 -1 3 -2 -2 3 -1 3 0 
24 -2 0 0 -1 -3 -2 1 -1 0 
22 9 0 0 0 -2 -3 0 0 0 
14 0 0 0 0 0 0 0 0 0 
12 3 1 0 0 0 -1 0 0 0 
10 -2 1 0 0 1 0 1 0 1 
11 0 0 0 0 0 0 0 0 0 
11 0 -1 0 0 0 0 0 0 0 
10 1 -1 0 -1 0 0 0 0 0 
-10 5 -2 2 -3 -2 -1 1 -2 3 
2 -2 -10 -5 -3 1 -1 1 1 8 
8 -5 5 -4 -4 2 1 -1 0 6 
2 10 24 10 -5 4 -2 2 2 -5 
-31 37 23 3 16 1 -6 -6 1 -1 
-58 0 0 0 0 0 0 0 0 0 
-58 0 0 0 0 0 0 0 0 0 
-58 0 0 0 0 0 0 0 0 0 
-58 0 0 1 0 0 0 0 0 0 
-58 1 0 0 0 -1 0 0 0 0 
-57 0 1 0 0 0 0 0 0 0 
-57 0 0 -1 0 0 0 0 0 0 
-57 -1 0 0 1 0 0 0 0 0 
25 -12 -1 -12 -10 -12 -6 -7 -1 8 
0 52 12 -7 -1 -25 -2 -5 -7 6 
-9 -38 1 -5 -7 13 -1 0 7 4 
14 -22 4 -3 4 36 14 3 -5 2 
16 -11 2 -8 -1 -2 -1 0 4 4 
18 4 -12 -10 -5 -3 0 3 -5 -3 
-14 35 -11 1 4 -18 -2 3 -1 -1 
-10 -41 17 0 3 -8 4 -9 2 1 
17 0 10 -1 0 0 -2 1 -1 4 
13 2 12 -3 -1 -2 2 2 1 5 
16 2 4 4 -2 -3 1 1 5 0 
8 -6 12 7 4 1 1 0 -1 -4 
17 0 1 5 4 0 0 -1 1 -1 
18 0 -9 1 1 -1 0 0 1 1 
19 -1 -10 -1 -1 0 0 0 0 0 
21 1 -8 0 0 -1 0 -1 -1 1 
14 4 -2 6 -3 -1 0 1 0 2 
3 2 15 0 -3 3 -1 -2 2 2 
4 3 14 -2 -2 2 4 -2 2 7 
-23 1 -11 8 0 -2 0 2 0 -1 
-23 0 -11 8 1 0 0 0 1 0 
-23 0 -12 7 1 0 1 0 0 1 
-22 2 -10 6 -2 -2 1 2 3 1 
-56 5 2 1 3 5 1 2 1 0 
-58 -1 0 0 0 0 0 0 0 0 
-57 0 0 0 0 0 0 0 0 0 
-57 0 0 0 0 0 0 0 0 0 
-57 0 0 0 0 0 0 0 0 0 
-58 1 0 0 0 0 0 0 0 0 
-56 0 0 0 0 0 0 0 0 0 
-57 0 0 0 0 0 0 0 0 0 
-51 -12 -6 5 6 8 -1 0 -6 -6 
-14 3 21 23 -1 1 0 0 1 -13 
-37 22 11 13 16 8 -8 -8 8 -5 
-22 -3 10 11 -12 2 11 9 -12 0 
1 -35 8 4 -2 9 4 13 14 2 
0 5 3 13 -2 -8 4 7 -4 0 
-7 -1 19 -4 0 -4 5 -3 -1 -6 
-5 0 12 -7 9 3 2 -3 0 -4 
-41 -2 -1 2 -19 19 4 -5 1 0 
-23 -6 -3 -1 1 -14 -18 3 0 0 
-18 -8 -2 -3 -2 -10 17 -2 2 -1 
-22 22 31 7 6 -2 -1 -7 -9 1 
-35 -7 20 13 -5 1 -1 1 -2 7 
-8 -13 39 -1 -1 0 -1 -3 12 -6 
25 -8 7 -7 9 -5 -1 4 -6 4 
27 6 5 -5 -7 -4 1 4 4 3 
2 5 30 -2 6 5 1 -4 -10 -2 
-10 6 8 5 3 -1 1 1 3 5 
-30 -3 8 4 0 3 -1 1 3 3 
-24 5 6 0 2 3 2 -1 1 2 
-1 -9 -4 1 4 -4 0 -4 -2 -2 
0 5 0 -3 -6 3 -1 -2 3 0 
2 -4 -2 -2 6 -1 3 1 -4 1 
-14 30 5 3 -10 -18 0 -4 2 3 
-58 1 0 0 0 1 0 0 0 0 
-58 0 0 0 0 0 0 0 0 0 
-57 0 1 0 0 0 0 0 0 0 
-57 0 0 0 0 0 0 0 0 0 
-57 0 0 0 0 0 0 0 0 0 
-58 1 0 0 0 0 0 0 0 0 
-57 0 0 0 0 0 0 0 0 0 
-57 0 0 0 0 0 0 0 0 0 
-11 -50 -12 -11 1 -12 7 9 8 12 
24 2 -9 -18 3 0 0 -1 2 19 
-28 8 4 -3 5 46 5 5 -5 3 
-21 4 -1 4 -8 -17 -12 -9 -4 1 
-10 -2 -13 0 13 18 -1 -13 -4 1 
-15 1 18 6 -13 8 1 -13 -1 -3 
-9 10 -5 1 -3 -8 0 5 -9 -3 
-17 -1 -6 -2 1 -7 1 3 -5 1 
-31 29 -6 1 1 -2 -5 11 -3 1 
-27 -15 1 0 10 -12 -7 -4 -1 0 
-13 -3 -4 -7 -4 -1 5 0 0 2 
-31 2 -17 4 4 1 0 0 -1 0 
-27 0 -20 2 -2 -4 -2 3 -3 3 
-31 2 -20 7 2 2 0 0 -1 -1 
-20 -14 -11 11 -13 3 1 3 -7 6 
-10 12 -1 7 11 1 1 2 5 2 
-19 -6 -10 1 -4 5 1 5 0 0 
-22 17 -2 7 1 -7 2 -3 -6 -4 
-40 -4 -11 14 -1 1 0 0 0 -7 
-39 0 -12 13 -1 1 1 0 0 -7 
2 -3 -4 0 -3 -1 -1 -1 -3 0 
3 0 0 1 0 0 1 -1 1 2 
1 -3 -4 -2 -2 1 2 0 -1 1 
-35 35 8 -1 5 15 -1 -5 -2 0 
-58 0 0 0 0 1 0 0 0 0 
-58 0 0 0 0 0 0 0 0 0 
-57 0 -1 0 0 0 0 0 0 0 
-58 0 0 0 0 0 0 0 0 0 
-57 0 0 0 0 0 0 0 0 0 
-58 0 0 0 0 1 -1 0 0 0 
-57 0 0 0 0 0 0 0 0 0 
-57 0 0 0 0 0 0 0 0 0 
-8 -25 -9 1 -3 -20 -7 0 1 -4 
7 3 1 0 -6 -5 3 5 3 -1 
-42 -15 0 2 2 -7 15 6 0 0 
1 -7 -2 -1 1 13 0 -1 -2 1 
5 -26 0 2 -4 33 7 -3 -2 -1 
4 -2 -3 -1 2 0 1 2 2 -1 
4 -2 0 1 -5 3 1 3 -4 -1 
7 1 -4 -4 1 -3 -2 4 -5 1 
1 8 -7 -5 8 -9 4 -7 4 1 
-36 -26 7 1 -13 17 0 -5 5 0 
4 1 0 -2 -1 0 0 0 0 0 
5 0 2 -3 -1 -1 -1 0 0 0 
6 0 2 -4 0 0 0 0 0 -1 
6 -1 2 -3 1 0 0 0 0 0 
5 0 2 -3 0 0 0 0 0 1 
4 1 3 -3 -1 0 0 0 0 1 
3 0 2 -3 1 1 0 0 0 1 
3 0 3 -3 0 0 0 0 1 0 
3 1 3 -4 0 1 0 0 0 1 
2 0 3 -3 0 0 0 0 0 1 
5 0 3 -1 -1 0 1 0 -1 -1 
5 0 4 0 -1 1 0 0 0 -1 
4 1 6 0 -1 0 0 0 0 -1 
-54 8 4 2 6 9 4 4 3 -1 
-58 0 0 0 0 0 0 0 0 0 
-58 0 0 0 0 0 0 0 0 0 
-57 0 0 0 0 0 0 0 0 0 
-57 0 0 0 0 0 0 0 0 0 
-56 0 0 0 0 0 0 0 0 0 
-58 0 0 0 0 2 0 0 0 0 
-56 0 0 0 0 0 0 0 0 0 
-47 -18 -7 -1 8 15 -5 -4 2 0 
2 0 2 -1 0 0 0 0 -1 -1 
-10 27 8 -1 -5 -22 6 0 -1 0 
-37 -12 2 -2 -9 -19 -7 4 2 0 
1 -7 -6 1 -9 -13 -5 -6 3 1 
5 -27 0 -1 0 34 4 0 0 0 
1 1 1 0 0 -1 1 -1 0 0 
-1 0 1 -1 0 0 0 -1 -1 1 
-2 -4 3 2 -7 3 2 1 -1 -2 
0 5 -4 -1 -2 -1 -2 3 -5 2 
-36 27 -7 0 -5 11 -3 8 -1 -1 
-12 -13 8 1 9 -11 -3 4 0 -1 
-7 1 0 3 1 0 0 1 0 -1 
-10 1 1 2 -1 1 0 0 0 1 
-11 0 1 4 0 -1 -1 0 -1 1 
-12 0 0 2 0 0 1 0 0 1 
-13 0 -2 1 1 0 0 0 0 2 
-12 0 -2 1 -1 0 0 0 1 1 
-8 -2 1 0 0 0 0 -1 0 0 
-9 1 1 0 1 0 0 0 -1 -2 
-10 0 1 1 1 1 0 0 -1 -2 
2 -1 -1 1 1 0 0 0 0 0 
3 -2 -2 0 1 0 0 0 0 -1 
4 1 -5 -1 0 -1 0 0 0 -1 
-19 21 -25 -2 10 0 1 6 -8 -1 
-54 7 -7 5 -8 4 1 -4 6 -4 
-58 0 0 0 0 0 0 0 0 0 
-57 0 0 0 0 0 0 0 0 0 
-57 -1 0 0 0 0 0 0 0 0 
-57 1 0 0 0 0 0 0 0 0 
-58 -1 0 0 0 2 0 0 0 0 
-56 0 0 0 0 0 0 0 0 0 
-29 -39 -8 1 3 6 7 6 0 1 
6 0 -5 1 0 -1 0 1 0 1 
-23 43 5 0 -2 -5 -8 -7 0 1 
-23 -15 -11 -1 7 14 -17 -8 4 -1 
5 4 0 1 4 4 2 3 2 3 
4 -22 1 -1 -5 34 2 2 2 1 
1 -2 -2 0 1 -1 1 1 0 1 
1 0 -3 0 0 0 0 1 1 1 
1 1 -5 -1 1 0 -1 0 1 1 
2 -3 -2 0 -7 -1 3 0 0 0 
-8 21 -16 -1 8 -15 2 -1 -4 3 
-32 -33 8 -1 0 7 1 -8 3 1 
1 0 -2 0 -1 1 0 1 -1 0 
1 1 -1 0 0 -2 0 0 0 0 
-1 1 -2 1 0 0 0 1 1 -1 
-2 0 -2 -1 -1 0 1 1 -1 0 
-1 0 0 1 0 1 1 0 1 0 
-2 0 -2 2 0 0 0 0 0 1 
-3 0 -2 4 -2 -1 -1 0 -1 0 
-6 1 0 5 -1 2 0 0 1 -4 
-6 -1 -2 4 0 1 0 1 0 -1 
5 -2 -1 0 -1 0 0 -1 0 -1 
5 0 2 0 -1 0 0 0 -1 0 
3 2 1 1 1 0 0 1 -1 1 
3 -2 -2 1 0 0 -1 1 1 0 
-25 41 3 -1 1 -1 -9 -3 -1 1 
-55 6 -4 1 -4 2 -1 0 0 0 
-57 -1 1 -1 0 0 0 0 0 0 
-56 -1 0 0 0 0 0 0 0 0 
-57 1 0 0 0 0 0 0 0 0 
-58 -1 0 0 0 2 0 0 0 0 
-56 0 0 0 0 0 0 0 0 0 
-13 -31 -7 -2 -5 -21 -2 2 2 -2 
5 1 -3 -4 1 -1 0 -1 0 0 
-27 10 -13 -1 21 31 0 -10 -2 7 
3 0 -13 -1 -14 12 14 -2 2 3 
2 0 -7 -4 -1 1 -1 0 1 -4 
4 -1 -1 0 -1 0 0 -1 0 0 
7 -1 -1 -3 1 1 0 0 -1 3 
6 1 0 -2 -1 1 0 0 1 4 
3 2 -1 1 -1 1 -1 0 0 1 
3 0 -1 2 1 1 0 -1 0 0 
1 -2 4 0 -7 1 2 0 0 -1 
-16 2 -27 -10 -13 27 1 3 14 15 
2 -5 5 -2 6 -5 -2 4 -4 2 
2 1 3 0 1 0 0 -2 0 2 
0 3 0 1 -3 1 0 0 -1 2 
-2 1 1 0 -1 -1 0 1 1 1 
-5 1 3 1 0 -2 0 1 0 2 
-5 0 0 2 2 -1 0 1 0 2 
-7 -1 0 1 0 0 -1 1 0 -1 
-6 0 0 4 0 1 -1 0 0 -1 
-5 1 1 1 -3 2 1 -1 0 -1 
1 -1 3 -1 0 -1 0 0 1 1 
2 -1 7 -4 -1 1 1 0 -1 2 
2 -3 5 -2 1 1 1 1 -1 1 
4 -3 2 -1 0 -1 1 1 1 0 
-29 39 3 0 3 11 -5 -2 -1 0 
-46 -2 -3 -1 8 -10 -1 -1 0 0 
-58 2 -2 1 -2 1 0 -1 1 -1 
-59 0 1 0 -1 0 0 0 0 0 
-58 0 2 0 0 0 0 0 0 0 
-59 -1 1 0 0 2 0 0 0 0 
-55 -4 -3 2 5 4 -2 -3 -4 -1 
-3 -5 3 -2 -4 -8 -5 -6 -1 0 
2 -3 11 -3 -1 -1 0 -1 1 0 
-37 -18 5 0 7 34 0 11 1 -1 
-14 -22 4 -5 -6 -16 -4 -2 3 6 
-2 2 10 -3 -1 -1 0 -1 -1 2 
-4 0 5 -1 0 2 -1 -1 -1 -1 
-2 -1 4 1 1 0 -1 0 0 -3 
2 -1 -4 -2 0 0 0 1 3 -1 
2 1 0 0 2 0 2 -1 -2 -3 
2 1 0 -1 -1 0 1 0 0 -1 
-1 -1 2 0 2 -1 0 -2 -2 0 
-19 29 -10 3 10 -12 2 5 -2 -1 
-25 -32 11 2 2 -5 1 -7 1 1 
-3 1 0 -1 2 0 0 1 1 1 
-5 1 0 0 -1 1 -1 -1 0 3 
-4 -2 1 1 1 1 -1 -1 0 2 
-5 1 0 2 0 1 0 -2 -1 -2 
-5 -1 -1 4 0 -1 0 1 -1 -1 
-6 3 3 2 -3 1 0 -1 0 -2 
-6 1 8 6 -2 2 1 1 2 -2 
-10 2 11 7 -3 0 0 -1 0 -7 
-3 0 0 -3 0 -1 -1 0 0 -1 
0 -2 -1 0 -1 0 -2 1 -1 -3 
1 -1 4 1 1 1 1 0 1 -1 
3 -1 4 0 -1 1 -1 -1 -1 -2 
-32 35 1 0 2 18 0 -1 0 -1 
-46 -12 1 0 0 1 1 -1 0 0 
-42 6 -8 -1 3 0 0 0 0 0 
-54 6 -7 3 -5 0 0 1 2 -1 
-59 0 0 0 0 0 0 0 0 0 
-59 -1 -1 1 1 1 0 -1 -1 -1 
-42 -23 -7 3 -1 15 -5 2 0 -1 
-6 1 2 6 -1 1 1 -2 -2 1 
-14 13 4 2 -8 -12 6 2 1 6 
-42 -19 -1 1 -3 -13 16 7 0 0 
-9 -5 -7 -6 -5 -2 -2 -1 1 0 
-5 -1 -2 2 0 0 -2 1 -2 0 
-6 0 -1 8 -1 3 -1 0 -1 2 
-2 -4 1 0 1 -3 0 -1 3 4 
2 -2 3 2 0 1 1 1 1 0 
5 0 1 -1 0 0 0 1 1 0 
4 1 -1 -3 0 -3 1 2 0 2 
4 2 3 -3 1 1 -1 1 -1 2 
5 3 2 -1 3 -3 -1 -1 0 -2 
-40 0 -1 2 -22 24 1 -2 0 -1 
0 0 4 -1 2 -4 0 1 -1 -3 
-2 4 1 0 2 -2 0 -1 -1 -4 
-5 -2 2 -2 0 -1 1 0 -2 -1 
-3 0 -1 -2 -2 -1 -1 1 1 -2 
-4 -1 0 -2 -1 1 1 0 -1 -4 
-4 0 5 0 0 -2 0 0 1 -2 
-4 -1 2 -2 2 -1 0 2 -2 -2 
-7 0 0 -2 -1 -1 0 0 -1 -1 
0 -2 1 -1 -2 0 0 1 0 -1 
-1 2 3 -3 1 -1 0 3 1 0 
0 -1 2 -2 1 -2 -2 2 -2 -3 
0 -3 6 -4 -1 2 -2 -2 -1 -1 
-35 25 0 1 3 21 4 -1 1 -1 
-48 -9 1 0 -2 6 0 -1 1 0 
-38 4 2 1 -3 3 0 0 0 0 
-32 23 -9 0 -4 -15 -11 -1 1 0 
-55 -2 -5 2 3 3 1 -2 -2 0 
-46 -12 0 0 -2 2 1 -2 0 -1 
-18 -25 -6 1 2 8 3 5 0 0 
2 0 -3 -1 0 1 -2 2 0 1 
-13 21 -2 2 0 -8 -2 -3 0 -1 
0 5 -45 10 -14 -16 2 4 -1 5 
-2 4 -4 -2 1 1 1 2 1 -1 
1 1 -1 -3 0 -2 -1 -3 -1 1 
2 -2 -1 0 -2 -2 0 -1 2 -1 
3 3 -4 -2 -1 3 -1 0 1 -2 
1 -1 0 -1 1 0 -1 0 -4 -1 
2 -4 3 1 0 -1 2 0 -3 -3 
2 1 1 0 -1 -1 1 1 1 -4 
5 3 0 2 -3 -2 -1 -1 0 0 
2 3 -5 2 -1 -2 1 -1 1 0 
-11 10 -12 -11 6 12 -9 7 12 -2 
11 13 -6 -10 -2 -2 -5 4 -12 -1 
-2 3 -3 -1 -3 -1 -1 -1 0 0 
-2 1 -2 0 2 0 -1 4 0 0 
-3 -1 3 -3 0 0 -1 -1 -1 2 
-3 0 1 0 -2 0 1 -1 0 2 
-4 2 0 -2 4 -1 -1 -1 -2 -1 
-5 1 -4 0 0 -1 1 0 0 0 
-4 3 -3 -4 -3 -3 1 0 0 -1 
1 -2 -8 -1 1 0 -1 1 -2 0 
-2 3 -5 -3 -1 -2 0 0 -2 -2 
0 -1 0 -3 -2 -1 2 0 0 -1 
0 0 -1 -2 -1 2 -1 -2 -1 1 
-36 22 0 1 -1 22 6 0 2 1 
-47 4 -1 0 -5 7 -2 3 -1 0 
-40 2 -2 1 5 6 -2 -4 -1 0 
-19 32 0 -2 3 -8 -9 1 -1 0 
-47 5 -1 -1 -3 3 0 1 -1 0 
-49 -2 3 -1 -1 4 -1 3 -1 0 
-11 -20 1 -1 -3 -13 -1 3 -2 -1 
0 1 3 3 2 0 -1 0 -1 0 
-13 16 1 2 3 14 -12 -8 -2 1 
29 25 8 6 -3 -10 -6 -9 2 1 
0 2 0 -1 1 0 2 -2 0 -2 
0 1 -2 0 -2 0 -3 1 -2 -2 
0 2 2 -1 0 4 1 0 -1 -1 
-1 -1 0 -3 -3 1 0 -1 0 4 
-2 0 0 -2 0 -2 1 -1 -2 1 
-2 0 -2 1 3 2 -1 -3 1 1 
-1 -2 0 1 0 -3 1 -2 0 4 
-3 1 1 3 1 1 0 -1 -1 -5 
-2 0 5 5 -1 0 1 -3 1 -1 
-7 3 0 1 5 -6 3 -3 1 -2 
1 -16 3 2 11 -25 3 -8 2 1 
-6 -2 0 1 -1 1 1 -2 0 1 
-8 0 1 2 0 -1 -2 -2 -4 2 
-8 1 -4 3 -1 5 -1 -1 1 0 
-8 4 0 3 -2 1 -1 -1 1 0 
-11 -2 1 3 0 1 0 -1 -1 0 
-7 -6 0 3 4 3 0 0 1 -1 
-4 3 1 -3 2 -2 0 1 2 0 
-4 2 2 0 1 3 -1 -1 -2 -2 
-1 3 -1 -2 1 -2 0 -1 -1 3 
-2 0 -1 -3 0 -1 0 2 -1 -4 
-4 3 2 -2 -2 1 -2 0 -1 0 
-38 21 2 1 4 18 9 1 0 -1 
-44 0 0 0 6 -9 0 0 1 0 
-31 -23 -7 1 4 11 -3 4 1 1 
-14 30 0 -1 -2 -12 -3 1 2 -1 
-37 4 -9 -4 2 -1 0 0 1 0 
-44 4 -13 2 -1 -2 1 2 -3 1 
-18 -26 5 1 2 -19 -2 -1 0 1 
-3 1 2 4 -1 -3 0 1 -3 1 
-11 -17 -3 2 13 38 -3 -1 2 1 
14 33 4 2 5 23 2 -5 -3 2 
-4 -3 -2 4 -2 -3 0 0 -2 1 
-2 -3 2 5 -2 0 -1 -2 2 0 
1 4 1 1 -1 1 -1 1 2 1 
-5 0 1 0 1 3 -2 -1 0 2 
0 -1 1 -2 1 3 1 1 -1 3 
2 2 0 -2 -1 -3 1 -2 1 2 
1 -1 1 3 0 0 -2 2 -1 2 
1 0 0 2 2 0 1 0 4 -2 
-1 3 -3 2 -1 -4 -1 1 1 1 
-4 1 2 1 1 -3 -1 0 -2 0 
-5 -6 7 1 -15 25 -4 7 4 0 
2 11 -8 3 -7 11 4 -5 1 2 
-4 2 -6 -2 4 0 0 2 1 2 
-4 0 0 1 0 -1 1 -1 1 -1 
-9 -3 -1 3 3 0 1 0 -2 -2 
-9 -1 -2 2 0 -1 1 0 0 0 
-6 -1 1 3 0 -4 -1 -1 -1 -4 
-6 -2 -2 3 -1 1 2 1 0 -2 
-11 -1 12 -10 2 1 2 0 1 10 
-9 0 12 -10 0 4 -1 -1 1 12 
-11 -2 14 -9 1 1 0 0 -1 12 
-7 -5 11 -12 -4 1 1 0 4 13 
-43 7 6 -4 4 12 8 2 0 4 
-49 -8 6 -3 -3 1 2 -2 1 2 
-27 -20 13 -7 -5 -5 5 -3 1 5 
-24 24 10 -7 6 -17 3 0 -1 10 
-44 -10 9 -2 2 -3 -1 -3 4 4 
-45 8 -1 -8 0 -4 2 2 -2 6 
-24 -20 10 -9 -6 -14 -6 -5 2 8 
-10 -1 15 -11 -2 2 2 0 -2 11 
-7 -45 12 -13 -3 19 6 9 10 11 
-3 11 22 -11 5 9 7 4 -1 11 
-11 -2 16 -13 2 0 0 -2 3 10 
-10 1 17 -13 0 -1 -3 -1 -2 10 
-9 0 14 -13 0 1 0 1 -1 10 
-13 1 14 -11 2 0 2 -2 -1 10 
-13 -5 12 -14 -2 -1 1 -1 3 9 
-10 3 11 -14 1 2 0 0 0 11 
-10 0 14 -8 -1 4 1 -3 -1 12 
-8 -1 18 -10 0 2 0 0 1 9 
-9 1 16 -10 -1 0 1 1 1 11 
-12 2 14 -12 1 1 0 0 0 10 
-15 6 10 -12 7 -5 3 -2 1 10 
-4 0 18 -11 12 -20 -8 5 2 10 
-15 1 19 -7 -2 1 -1 -2 2 6 
-10 1 20 -7 1 0 2 -1 -1 9 
-14 1 15 -9 1 -3 1 -1 2 9 
-14 1 12 -10 0 -4 -2 -1 -2 10 
-13 3 11 -10 -1 1 -2 -1 0 11 
-14 -1 12 -7 3 -3 0 0 2 14 
